1 0 2
2 1 9
3 2 2
4 3 9
5 4 6
6 5 3
7 6 9
8 7 3
9 8 9
10 9 2
11 10 6
12 11 9
13 12 6
14 13 1
15 14 2
16 15 9
17 16 2
18 17 1
19 18 2
20 19 2
21 20 9
22 21 3
23 22 1
24 23 2
25 24 6
26 25 2
27 26 1
28 27 1
29 28 3
30 29 9
31 30 9
32 31 1
33 32 9
34 33 2
35 34 1
36 35 9
37 36 2
38 37 6
39 38 2
40 39 9
41 40 6
42 41 2
43 42 2
44 43 2
45 44 1
46 45 3
47 46 6
48 47 1
49 48 1
50 49 2
51 50 2
52 51 1
53 52 3
54 53 1
55 54 3
56 55 9
57 56 3
58 57 9
59 58 3
60 59 2
61 60 9
62 61 2
63 62 2
64 63 9
65 64 6
66 65 6
67 66 2
68 67 9
69 68 1
70 69 1
71 70 9
72 71 6
73 72 2
74 73 6
75 74 2
76 75 6
77 76 1
78 77 1
79 78 3
80 79 6
81 80 1
82 81 9
83 82 9
84 83 3
85 84 6
86 85 1
87 86 3
88 87 9
89 88 9
90 89 3
91 90 2
92 91 1
93 92 6
94 93 9
95 94 3
96 95 3
97 96 9
98 97 2
99 98 3
100 99 6
